timestamp,v0,v1,v2,v3,v4,v5,v6,v7,v8,v9,v10,v11,v12,v13,v14,v15,v16,v17,
150155.38,46,279,0,0,0,0,0,0,0,0,0,0,0,0,0,0,
150155.56,5,5,0,0,0,0,0,0,0,0,0,0,0,0,0,0,
150155.77,1,3,0,0,0,0,0,0,0,0,0,0,0,0,0,0,
150155.94,0,1,0,0,0,0,0,0,0,0,0,0,0,0,0,0,
150156.14,0,0,0,0,0,0,0,0,0,0,0,0,0,0,0,0,
150156.33,0,0,0,0,0,0,0,0,0,0,0,0,0,0,0,0,
150156.52,0,0,0,0,0,0,0,0,0,0,0,0,0,0,0,0,
150156.72,4,1,0,0,0,0,0,0,0,0,0,0,0,0,0,0,
150156.9,0,0,0,0,0,0,0,0,0,0,0,0,0,0,0,0,
150157.11,1,0,0,0,0,0,0,0,0,0,0,0,0,0,0,0,
150157.28,2,3,0,0,0,0,0,0,0,0,0,0,0,0,0,0,
150157.47,9,7,0,0,0,0,0,0,0,0,0,0,0,0,0,0,
150157.67,1,3,0,0,0,0,0,0,0,0,0,0,0,0,0,0,
150157.86,3,2,0,0,0,0,0,0,0,0,0,0,0,0,0,0,
150158.06,7,9,0,0,0,0,0,0,0,0,0,0,0,0,0,0,
150158.25,6,5,0,0,0,0,0,0,0,0,0,0,0,0,0,0,
150158.42,0,0,0,0,0,0,0,0,0,0,0,0,0,0,0,0,
150158.62,6,11,0,0,0,0,0,0,0,0,0,0,0,0,0,0,
150158.81,16,16,0,0,0,0,0,0,0,0,0,0,0,0,0,0,
150159.02,1,3,0,0,0,0,0,0,0,0,0,0,0,0,0,0,
150159.2,6,2,0,0,0,0,0,0,0,0,0,0,0,0,0,0,
150159.39,3,1,0,0,0,0,0,0,0,0,0,0,0,0,0,0,
150159.58,2,1,0,0,0,0,0,0,0,0,0,0,0,0,0,0,
150159.77,0,0,0,0,0,0,0,0,0,0,0,0,0,0,0,0,
150159.97,0,1,0,0,0,0,0,0,0,0,0,0,0,0,0,0,
150160.16,8,13,0,0,0,0,0,0,0,0,0,0,0,0,0,0,
150160.34,19,20,0,0,0,0,0,0,0,0,0,0,0,0,0,0,
150160.55,0,0,0,0,0,0,0,0,0,0,0,0,0,0,0,0,
150160.72,14,9,0,0,0,0,0,0,0,0,0,0,0,0,0,0,
150160.92,0,0,0,0,0,0,0,0,0,0,0,0,0,0,0,0,
150161.62,510610,511043,1119879168,0,0,0,0,0,0,0,0,0,0,0,0,0,
150161.83,711638,824232,1124073472,0,0,0,0,0,0,0,0,0,0,0,0,0,
150162.02,366441,315050,1124073472,0,0,0,0,0,0,0,0,0,0,0,0,0,
150162.2,325721,337246,1124073472,0,0,0,0,0,0,0,0,0,0,0,0,0,
150162.4,319525,353289,1124073472,0,0,0,0,0,0,0,0,0,0,0,0,0,
150162.6,322031,357812,1124073472,0,0,0,0,0,0,0,0,0,0,0,0,0,
150162.77,325460,359588,1124073472,0,0,0,0,0,0,0,0,0,0,0,0,0,
150162.97,327929,362845,1124073472,0,0,0,0,0,0,0,0,0,0,0,0,0,
150163.16,329216,366271,1124073472,0,0,0,0,0,0,0,0,0,0,0,0,0,
150163.36,330233,367927,1124073472,0,0,0,0,0,0,0,0,0,0,0,0,0,
150163.55,331688,369693,1124073472,0,0,0,0,0,0,0,0,0,0,0,0,0,
150163.73,332900,369952,1124073472,0,0,0,0,0,0,0,0,0,0,0,0,0,
150163.94,333584,371239,1124073472,0,0,0,0,0,0,0,0,0,0,0,0,0,
150164.11,334267,372411,1124073472,0,0,0,0,0,0,0,0,0,0,0,0,0,
150164.31,334243,373492,1124073472,0,0,0,0,0,0,0,0,0,0,0,0,0,
150164.5,334123,373798,1124073472,0,0,0,0,0,0,0,0,0,0,0,0,0,
150164.69,334380,373897,1124073472,0,0,0,0,0,0,0,0,0,0,0,0,0,
150164.89,335216,374972,1124073472,0,0,0,0,0,0,0,0,0,0,0,0,0,
150165.08,335742,375459,1124073472,0,0,0,0,0,0,0,0,0,0,0,0,0,
150165.27,336514,376488,1124073472,0,0,0,0,0,0,0,0,0,0,0,0,0,
150165.45,336735,376637,1124073472,0,0,0,0,0,0,0,0,0,0,0,0,0,
150165.64,336960,377510,1124073472,0,0,0,0,0,0,0,0,0,0,0,0,0,
150165.84,337437,378477,1124073472,0,0,0,0,0,0,0,0,0,0,0,0,0,
150166.03,337583,379290,1124073472,0,0,0,0,0,0,0,0,0,0,0,0,0,
150166.22,337958,380068,1124073472,0,0,0,0,0,0,0,0,0,0,0,0,0,
150166.4,338470,381198,1124073472,0,0,0,0,0,0,0,0,0,0,0,0,0,
150166.6,339490,382858,1124073472,0,0,0,0,0,0,0,0,0,0,0,0,0,
150166.8,339665,383396,1124073472,0,0,0,0,0,0,0,0,0,0,0,0,0,
150166.98,339793,383658,1124073472,0,0,0,0,0,0,0,0,0,0,0,0,0,
150167.17,340125,384130,1124073472,0,0,0,0,0,0,0,0,0,0,0,0,0,
150167.38,340653,384593,1124073472,0,0,0,0,0,0,0,0,0,0,0,0,0,
150167.55,340306,384845,1124073472,0,0,0,0,0,0,0,0,0,0,0,0,0,
150167.73,340863,385614,1124073472,0,0,0,0,0,0,0,0,0,0,0,0,0,
150167.94,340955,385835,1124073472,0,0,0,0,0,0,0,0,0,0,0,0,0,
150168.12,341324,386360,1124073472,0,0,0,0,0,0,0,0,0,0,0,0,0,
150168.33,340768,386926,1124073472,0,0,0,0,0,0,0,0,0,0,0,0,0,
150168.52,341580,387495,1124073472,0,0,0,0,0,0,0,0,0,0,0,0,0,
150168.7,341632,388310,1124073472,0,0,0,0,0,0,0,0,0,0,0,0,0,
150168.89,340696,388577,1124073472,0,0,0,0,0,0,0,0,0,0,0,0,0,
150169.08,341153,389227,1124073472,0,0,0,0,0,0,0,0,0,0,0,0,0,
150169.28,340596,390261,1124073472,0,0,0,0,0,0,0,0,0,0,0,0,0,
150169.47,340774,390451,1124073472,0,0,0,0,0,0,0,0,0,0,0,0,0,
150169.66,341922,390680,1124073472,0,0,0,0,0,0,0,0,0,0,0,0,0,
150169.86,341852,391969,1124073472,0,0,0,0,0,0,0,0,0,0,0,0,0,
150170.03,342314,392376,1124073472,0,0,0,0,0,0,0,0,0,0,0,0,0,
150170.22,342162,392381,1124073472,0,0,0,0,0,0,0,0,0,0,0,0,0,
150170.42,341553,392266,1124073472,0,0,0,0,0,0,0,0,0,0,0,0,0,
150170.61,342129,392729,1124073472,0,0,0,0,0,0,0,0,0,0,0,0,0,
150170.81,342657,392871,1124073472,0,0,0,0,0,0,0,0,0,0,0,0,0,
150171.0,343194,393073,1124073472,0,0,0,0,0,0,0,0,0,0,0,0,0,
150171.17,342612,392724,1124073472,0,0,0,0,0,0,0,0,0,0,0,0,0,
150171.38,343301,393348,1124073472,0,0,0,0,0,0,0,0,0,0,0,0,0,
150171.56,343827,393426,1124073472,0,0,0,0,0,0,0,0,0,0,0,0,0,
150171.77,343627,393834,1124073472,0,0,0,0,0,0,0,0,0,0,0,0,0,
150171.95,343928,394472,1124073472,0,0,0,0,0,0,0,0,0,0,0,0,0,
150172.14,344522,393742,1124073472,0,0,0,0,0,0,0,0,0,0,0,0,0,
150172.34,344121,394219,1124073472,0,0,0,0,0,0,0,0,0,0,0,0,0,
150172.52,342867,394230,1124073472,0,0,0,0,0,0,0,0,0,0,0,0,0,
150172.72,343322,394366,1124073472,0,0,0,0,0,0,0,0,0,0,0,0,0,
150172.9,344496,394184,1124073472,0,0,0,0,0,0,0,0,0,0,0,0,0,
150173.1,343515,394518,1124073472,0,0,0,0,0,0,0,0,0,0,0,0,0,
150173.3,344099,395017,1124073472,0,0,0,0,0,0,0,0,0,0,0,0,0,
150173.48,343568,394234,1124073472,0,0,0,0,0,0,0,0,0,0,0,0,0,
150173.66,343356,394295,1124073472,0,0,0,0,0,0,0,0,0,0,0,0,0,
150173.86,344083,393935,1124073472,0,0,0,0,0,0,0,0,0,0,0,0,0,
150174.05,343942,394234,1124073472,0,0,0,0,0,0,0,0,0,0,0,0,0,
150174.25,343941,393920,1124073472,0,0,0,0,0,0,0,0,0,0,0,0,0,
150174.44,343943,394441,1124073472,0,0,0,0,0,0,0,0,0,0,0,0,0,
150174.62,344784,394323,1124073472,0,0,0,0,0,0,0,0,0,0,0,0,0,
150174.81,345203,394642,1124073472,0,0,0,0,0,0,0,0,0,0,0,0,0,
150175.0,344531,394618,1124073472,0,0,0,0,0,0,0,0,0,0,0,0,0,
150175.2,345595,395015,1124073472,0,0,0,0,0,0,0,0,0,0,0,0,0,
150175.39,344478,394060,1124073472,0,0,0,0,0,0,0,0,0,0,0,0,0,
150175.58,344073,394334,1124073472,0,0,0,0,0,0,0,0,0,0,0,0,0,
150175.78,344227,394244,1124073472,0,0,0,0,0,0,0,0,0,0,0,0,0,
150175.95,345375,394617,1124073472,0,0,0,0,0,0,0,0,0,0,0,0,0,
150176.16,345315,394437,1124073472,0,0,0,0,0,0,0,0,0,0,0,0,0,
150176.34,345113,394277,1124073472,0,0,0,0,0,0,0,0,0,0,0,0,0,
150176.53,344372,394035,1124073472,0,0,0,0,0,0,0,0,0,0,0,0,0,
150176.73,344923,394321,1124073472,0,0,0,0,0,0,0,0,0,0,0,0,0,
150176.92,344480,394185,1124073472,0,0,0,0,0,0,0,0,0,0,0,0,0,
150177.1,344071,394286,1124073472,0,0,0,0,0,0,0,0,0,0,0,0,0,
150177.3,344169,394526,1124073472,0,0,0,0,0,0,0,0,0,0,0,0,0,
150177.48,344247,394348,1124073472,0,0,0,0,0,0,0,0,0,0,0,0,0,
150177.69,343446,394219,1124073472,0,0,0,0,0,0,0,0,0,0,0,0,0,
150177.88,343918,394358,1124073472,0,0,0,0,0,0,0,0,0,0,0,0,0,
150178.06,345011,394884,1124073472,0,0,0,0,0,0,0,0,0,0,0,0,0,
150178.27,344883,394096,1124073472,0,0,0,0,0,0,0,0,0,0,0,0,0,
150178.44,344755,394503,1124073472,0,0,0,0,0,0,0,0,0,0,0,0,0,
150178.64,344255,394169,1124073472,0,0,0,0,0,0,0,0,0,0,0,0,0,
150178.83,343894,394093,1124073472,0,0,0,0,0,0,0,0,0,0,0,0,0,
150179.02,344153,394054,1124073472,0,0,0,0,0,0,0,0,0,0,0,0,0,
150179.22,343945,393790,1124073472,0,0,0,0,0,0,0,0,0,0,0,0,0,
150179.4,344435,393930,1124073472,0,0,0,0,0,0,0,0,0,0,0,0,0,
150179.6,344171,393661,1124073472,0,0,0,0,0,0,0,0,0,0,0,0,0,
150179.78,344181,394093,1124073472,0,0,0,0,0,0,0,0,0,0,0,0,0,
150179.97,344820,393990,1124073472,0,0,0,0,0,0,0,0,0,0,0,0,0,
150180.17,344774,393967,1124073472,0,0,0,0,0,0,0,0,0,0,0,0,0,
150180.36,344968,394159,1124073472,0,0,0,0,0,0,0,0,0,0,0,0,0,
150180.56,345237,393690,1124073472,0,0,0,0,0,0,0,0,0,0,0,0,0,
150180.73,345048,393869,1124073472,0,0,0,0,0,0,0,0,0,0,0,0,0,
150180.92,344080,393579,1124073472,0,0,0,0,0,0,0,0,0,0,0,0,0,
150181.12,343937,393679,1124073472,0,0,0,0,0,0,0,0,0,0,0,0,0,
150181.31,345118,393558,1124073472,0,0,0,0,0,0,0,0,0,0,0,0,0,
150181.5,344629,394096,1124073472,0,0,0,0,0,0,0,0,0,0,0,0,0,
150181.7,344044,393792,1124073472,0,0,0,0,0,0,0,0,0,0,0,0,0,
150181.88,344295,393616,1124073472,0,0,0,0,0,0,0,0,0,0,0,0,0,
150182.08,343768,393253,1124073472,0,0,0,0,0,0,0,0,0,0,0,0,0,
150182.27,343871,393552,1124073472,0,0,0,0,0,0,0,0,0,0,0,0,0,
150182.45,343850,393526,1124073472,0,0,0,0,0,0,0,0,0,0,0,0,0,
150182.66,344442,393367,1124073472,0,0,0,0,0,0,0,0,0,0,0,0,0,
150182.84,343904,392903,1124073472,0,0,0,0,0,0,0,0,0,0,0,0,0,
150183.05,343279,393257,1124073472,0,0,0,0,0,0,0,0,0,0,0,0,0,
150183.22,343387,393685,1124073472,0,0,0,0,0,0,0,0,0,0,0,0,0,
150183.4,344025,393233,1124073472,0,0,0,0,0,0,0,0,0,0,0,0,0,
150183.61,343622,393313,1124073472,0,0,0,0,0,0,0,0,0,0,0,0,0,
150183.8,343486,393471,1124073472,0,0,0,0,0,0,0,0,0,0,0,0,0,
150183.98,342707,392863,1124073472,0,0,0,0,0,0,0,0,0,0,0,0,0,
150184.19,342749,392838,1124073472,0,0,0,0,0,0,0,0,0,0,0,0,0,
150184.36,343029,392981,1124073472,0,0,0,0,0,0,0,0,0,0,0,0,0,
150184.56,343026,392868,1124073472,0,0,0,0,0,0,0,0,0,0,0,0,0,
150184.75,342921,392821,1124073472,0,0,0,0,0,0,0,0,0,0,0,0,0,
150184.94,342542,392689,1124073472,0,0,0,0,0,0,0,0,0,0,0,0,0,
150185.14,342314,392594,1124073472,0,0,0,0,0,0,0,0,0,0,0,0,0,
150185.33,341928,392898,1124073472,0,0,0,0,0,0,0,0,0,0,0,0,0,
150185.52,342283,393128,1124073472,0,0,0,0,0,0,0,0,0,0,0,0,0,
150185.7,343285,392836,1124073472,0,0,0,0,0,0,0,0,0,0,0,0,0,
150185.89,342132,392642,1124073472,0,0,0,0,0,0,0,0,0,0,0,0,0,
150186.1,342890,393490,1124073472,0,0,0,0,0,0,0,0,0,0,0,0,0,
150186.28,343125,392974,1124073472,0,0,0,0,0,0,0,0,0,0,0,0,0,
150186.48,342079,392715,1124073472,0,0,0,0,0,0,0,0,0,0,0,0,0,
150186.66,341496,392490,1124073472,0,0,0,0,0,0,0,0,0,0,0,0,0,
150186.84,342040,392441,1124073472,0,0,0,0,0,0,0,0,0,0,0,0,0,
150187.05,342119,392428,1124073472,0,0,0,0,0,0,0,0,0,0,0,0,0,
150187.23,342129,392332,1124073472,0,0,0,0,0,0,0,0,0,0,0,0,0,
150187.42,342778,392492,1124073472,0,0,0,0,0,0,0,0,0,0,0,0,0,
150187.62,342691,392672,1124073472,0,0,0,0,0,0,0,0,0,0,0,0,0,
150187.8,343745,392745,1124073472,0,0,0,0,0,0,0,0,0,0,0,0,0,
150188.0,342919,392379,1124073472,0,0,0,0,0,0,0,0,0,0,0,0,0,
150188.19,341886,392211,1124073472,0,0,0,0,0,0,0,0,0,0,0,0,0,
150188.38,338877,391989,1124073472,0,0,0,0,0,0,0,0,0,0,0,0,0,
150188.58,338000,390993,1124073472,0,0,0,0,0,0,0,0,0,0,0,0,0,
150188.77,336858,390562,1124073472,0,0,0,0,0,0,0,0,0,0,0,0,0,
150188.95,331057,387791,1124073472,0,0,0,0,0,0,0,0,0,0,0,0,0,
150189.14,319504,369695,1124073472,0,0,0,0,0,0,0,0,0,0,0,0,0,
150189.33,306653,351538,1124073472,0,0,0,0,0,0,0,0,0,0,0,0,0,
150189.53,299234,347032,1124073472,0,0,0,0,0,0,0,0,0,0,0,0,0,
150189.72,295420,342834,1124073472,0,0,0,0,0,0,0,0,0,0,0,0,0,
150189.9,291286,340005,1124073472,0,0,0,0,0,0,0,0,0,0,0,0,0,
150190.11,284073,331517,1124073472,0,0,0,0,0,0,0,0,0,0,0,0,0,
150190.28,279248,324239,1124073472,0,0,0,0,0,0,0,0,0,0,0,0,0,
150190.48,274301,319899,1124073472,0,0,0,0,0,0,0,0,0,0,0,0,0,
150190.67,271906,316640,1124073472,0,0,0,0,0,0,0,0,0,0,0,0,0,
150190.86,268961,313035,1124073472,0,0,0,0,0,0,0,0,0,0,0,0,0,
150191.06,261584,306713,1124073472,0,0,0,0,0,0,0,0,0,0,0,0,0,
150191.25,241366,301294,1124073472,0,0,0,0,0,0,0,0,0,0,0,0,0,
150191.45,236988,297830,1124073472,0,0,0,0,0,0,0,0,0,0,0,0,0,
150191.62,234967,298450,1124073472,0,0,0,0,0,0,0,0,0,0,0,0,0,
150191.81,242842,313687,1124073472,0,0,0,0,0,0,0,0,0,0,0,0,0,
150192.02,256535,320059,1124073472,0,0,0,0,0,0,0,0,0,0,0,0,0,
150192.2,263900,327275,1124073472,0,0,0,0,0,0,0,0,0,0,0,0,0,
150192.39,266205,332572,1124073472,0,0,0,0,0,0,0,0,0,0,0,0,0,
150192.6,267953,336345,1124073472,0,0,0,0,0,0,0,0,0,0,0,0,0,
150192.77,269463,340142,1124073472,0,0,0,0,0,0,0,0,0,0,0,0,0,
150192.97,271223,342992,1124073472,0,0,0,0,0,0,0,0,0,0,0,0,0,
150193.16,272913,345522,1124073472,0,0,0,0,0,0,0,0,0,0,0,0,0,
150193.34,274099,346740,1124073472,0,0,0,0,0,0,0,0,0,0,0,0,0,
150193.55,275922,348201,1124073472,0,0,0,0,0,0,0,0,0,0,0,0,0,
150193.73,276488,349219,1124073472,0,0,0,0,0,0,0,0,0,0,0,0,0,
150193.9,276663,349822,1124073472,0,0,0,0,0,0,0,0,0,0,0,0,0,
150194.11,277580,350376,1124073472,0,0,0,0,0,0,0,0,0,0,0,0,0,
150194.3,276982,351112,1124073472,0,0,0,0,0,0,0,0,0,0,0,0,0,
150194.5,278179,351367,1124073472,0,0,0,0,0,0,0,0,0,0,0,0,0,
150194.69,278450,352345,1124073472,0,0,0,0,0,0,0,0,0,0,0,0,0,
150194.88,278208,353231,1124073472,0,0,0,0,0,0,0,0,0,0,0,0,0,
150195.06,279560,353344,1124073472,0,0,0,0,0,0,0,0,0,0,0,0,0,
150195.25,278855,354359,1124073472,0,0,0,0,0,0,0,0,0,0,0,0,0,
150195.45,279465,354532,1124073472,0,0,0,0,0,0,0,0,0,0,0,0,0,
150195.64,279888,355763,1124073472,0,0,0,0,0,0,0,0,0,0,0,0,0,
150195.83,280794,356155,1124073472,0,0,0,0,0,0,0,0,0,0,0,0,0,
150196.03,280621,355952,1124073472,0,0,0,0,0,0,0,0,0,0,0,0,0,
150196.2,280181,356689,1124073472,0,0,0,0,0,0,0,0,0,0,0,0,0,
150196.39,281132,357113,1124073472,0,0,0,0,0,0,0,0,0,0,0,0,0,
150196.6,282078,357440,1124073472,0,0,0,0,0,0,0,0,0,0,0,0,0,
150196.78,282197,357684,1124073472,0,0,0,0,0,0,0,0,0,0,0,0,0,
150196.98,283243,358353,1124073472,0,0,0,0,0,0,0,0,0,0,0,0,0,
150197.17,283580,358759,1124073472,0,0,0,0,0,0,0,0,0,0,0,0,0,
150197.34,283175,358921,1124073472,0,0,0,0,0,0,0,0,0,0,0,0,0,
150197.55,283428,359224,1124073472,0,0,0,0,0,0,0,0,0,0,0,0,0,
150197.73,283590,359598,1124073472,0,0,0,0,0,0,0,0,0,0,0,0,0,
150197.94,284068,360187,1124073472,0,0,0,0,0,0,0,0,0,0,0,0,0,
150198.12,284563,360555,1124073472,0,0,0,0,0,0,0,0,0,0,0,0,0,
150198.31,284043,361144,1124073472,0,0,0,0,0,0,0,0,0,0,0,0,0,
150198.52,284415,361590,1124073472,0,0,0,0,0,0,0,0,0,0,0,0,0,
150198.69,284546,362185,1124073472,0,0,0,0,0,0,0,0,0,0,0,0,0,
150198.88,282903,362140,1124073472,0,0,0,0,0,0,0,0,0,0,0,0,0,
150199.08,276840,361938,1124073472,0,0,0,0,0,0,0,0,0,0,0,0,0,
150199.27,262726,349531,1124073472,0,0,0,0,0,0,0,0,0,0,0,0,0,
150199.47,253046,334476,1124073472,0,0,0,0,0,0,0,0,0,0,0,0,0,
150199.66,245931,327473,1124073472,0,0,0,0,0,0,0,0,0,0,0,0,0,
150199.83,245671,321245,1124073472,0,0,0,0,0,0,0,0,0,0,0,0,0,
150200.03,234879,307714,1124073472,0,0,0,0,0,0,0,0,0,0,0,0,0,
150200.22,227235,298225,1124073472,0,0,0,0,0,0,0,0,0,0,0,0,0,
150200.4,219934,292825,1124073472,0,0,0,0,0,0,0,0,0,0,0,0,0,
150200.61,214429,288384,1124073472,0,0,0,0,0,0,0,0,0,0,0,0,0,
150200.8,210262,286494,1124073472,0,0,0,0,0,0,0,0,0,0,0,0,0,
150200.98,203099,282719,1124073472,0,0,0,0,0,0,0,0,0,0,0,0,0,
150201.17,197492,274773,1124073472,0,0,0,0,0,0,0,0,0,0,0,0,0,
150201.36,192381,259679,1124073472,0,0,0,0,0,0,0,0,0,0,0,0,0,
150201.56,188340,243483,1124073472,0,0,0,0,0,0,0,0,0,0,0,0,0,
150201.75,187834,242079,1124073472,0,0,0,0,0,0,0,0,0,0,0,0,0,
150201.95,188720,239302,1124073472,0,0,0,0,0,0,0,0,0,0,0,0,0,
150202.12,182668,235393,1124073472,0,0,0,0,0,0,0,0,0,0,0,0,0,
150202.31,180141,233495,1124073472,0,0,0,0,0,0,0,0,0,0,0,0,0,
150202.52,178734,233312,1124073472,0,0,0,0,0,0,0,0,0,0,0,0,0,
150202.7,178933,234061,1124073472,0,0,0,0,0,0,0,0,0,0,0,0,0,
150202.89,183276,233945,1124073472,0,0,0,0,0,0,0,0,0,0,0,0,0,
150203.1,177514,230144,1124073472,0,0,0,0,0,0,0,0,0,0,0,0,0,
150203.27,175492,229115,1124073472,0,0,0,0,0,0,0,0,0,0,0,0,0,
150203.47,175615,229166,1124073472,0,0,0,0,0,0,0,0,0,0,0,0,0,
150203.66,176135,230084,1124073472,0,0,0,0,0,0,0,0,0,0,0,0,0,
150203.84,175392,229305,1124073472,0,0,0,0,0,0,0,0,0,0,0,0,0,
150204.05,171990,226447,1124073472,0,0,0,0,0,0,0,0,0,0,0,0,0,
150204.23,170619,225643,1124073472,0,0,0,0,0,0,0,0,0,0,0,0,0,
150204.42,167315,227127,1124073472,0,0,0,0,0,0,0,0,0,0,0,0,0,
150204.61,160817,226713,1124073472,0,0,0,0,0,0,0,0,0,0,0,0,0,
150204.8,154987,224866,1124073472,0,0,0,0,0,0,0,0,0,0,0,0,0,
150205.0,153906,223612,1124073472,0,0,0,0,0,0,0,0,0,0,0,0,0,
150205.19,155937,225081,1124073472,0,0,0,0,0,0,0,0,0,0,0,0,0,
150205.38,157998,227155,1124073472,0,0,0,0,0,0,0,0,0,0,0,0,0,
150205.58,158014,216526,1124073472,0,0,0,0,0,0,0,0,0,0,0,0,0,
150205.75,153255,215781,1124073472,0,0,0,0,0,0,0,0,0,0,0,0,0,
150205.94,152660,228536,1124073472,0,0,0,0,0,0,0,0,0,0,0,0,0,
150206.14,153390,234472,1124073472,0,0,0,0,0,0,0,0,0,0,0,0,0,
150206.33,152922,243765,1124073472,0,0,0,0,0,0,0,0,0,0,0,0,0,
150206.53,154495,257842,1124073472,0,0,0,0,0,0,0,0,0,0,0,0,0,
150206.72,154949,263732,1124073472,0,0,0,0,0,0,0,0,0,0,0,0,0,
150206.89,153274,268507,1124073472,0,0,0,0,0,0,0,0,0,0,0,0,0,
150207.1,154576,279881,1124073472,0,0,0,0,0,0,0,0,0,0,0,0,0,
150207.28,178199,289269,1124073472,0,0,0,0,0,0,0,0,0,0,0,0,0,
150207.47,471994,372402,1124073472,0,0,0,0,0,0,0,0,0,0,0,0,0,
150207.67,831946,756990,1124073472,0,0,0,0,0,0,0,0,0,0,0,0,0,
150207.86,1219835,1051272,1124073472,0,0,0,0,0,0,0,0,0,0,0,0,0,
150208.06,1118857,828829,1124073472,0,0,0,0,0,0,0,0,0,0,0,0,0,
