timestamp,v0,v1,v2,v3,v4,v5,v6,v7,v8,v9,v10,v11,v12,v13,v14,v15,v16,v17
123171.21,209006,227560,1124073472,
123171.41,208273,228445,1124073472,
123171.59,208181,227980,1124073472,
123171.79,208319,228855,1124073472,
123171.98,206829,227391,1124073472,
123172.164,205180,226921,1124073472,
123172.36,204064,225939,1124073472,
123172.555,204872,227294,1124073472,
123172.734,204852,227593,1124073472,
123172.93,205044,228219,1124073472,
123173.125,204550,226827,1124073472,
123173.305,203513,227698,1124073472,
123173.5,203712,227957,1124073472,
123173.695,204523,229056,1124073472,
123173.89,205260,229911,1124073472,
123174.08,204059,228906,1124073472,
123174.266,204414,229079,1124073472,
123174.46,204324,230061,1124073472,
123174.65,205234,231732,1124073472,
123174.84,206863,232849,1124073472,
123175.03,205800,231221,1124073472,
123175.22,204488,231594,1124073472,
123175.414,205173,231781,1124073472,
123175.61,204888,232515,1124073472,
123175.79,205584,232998,1124073472,
123175.984,205903,233228,1124073472,
123176.18,205441,232417,1124073472,
123176.37,205421,233011,1124073472,
123176.555,204973,232914,1124073472,
123176.75,204931,233499,1124073472,
123176.94,206578,234754,1124073472,
123177.125,206770,234957,1124073472,
123177.32,205832,234693,1124073472,
123177.51,206011,234692,1124073472,
123177.7,205548,234513,1124073472,
123177.89,206542,235564,1124073472,
123178.08,206987,237340,1124073472,
123178.27,207321,236708,1124073472,
123178.47,206721,237133,1124073472,
123178.65,207240,238598,1124073472,
123178.84,207738,238721,1124073472,
123179.04,208278,239970,1124073472,
123179.234,209140,240281,1124073472,
123179.414,208212,239132,1124073472,
123179.61,207732,239754,1124073472,
123179.805,207664,239473,1124073472,
123179.984,208872,240422,1124073472,
123180.18,208688,241845,1124073472,
123180.375,209867,242000,1124073472,
123180.56,209066,241894,1124073472,
123180.75,209191,242949,1124073472,
123180.945,209509,243478,1124073472,
123181.13,211459,245084,1124073472,
123181.33,211775,246244,1124073472,
123181.516,211903,246520,1124073472,
123181.7,211429,246568,1124073472,
123181.9,211958,246729,1124073472,
123182.09,211576,246611,1124073472,
123182.27,212655,247510,1124073472,
123182.47,213050,248783,1124073472,
123182.664,213814,248847,1124073472,
123182.85,214159,248948,1124073472,
123183.04,214223,248920,1124073472,
123183.234,214512,249884,1124073472,
123183.42,215295,250606,1124073472,
123183.61,216317,250094,1124073472,
123183.805,216316,250417,1124073472,
123183.99,216546,250286,1124073472,
123184.19,217855,251287,1124073472,
123184.375,217948,252055,1124073472,
123184.56,218862,252454,1124073472,
123184.76,219254,251496,1124073472,
123184.945,218609,251089,1124073472,
123185.13,218609,250590,1124073472,
123185.33,218350,250544,1124073472,
123185.52,218824,251005,1124073472,
123185.7,219237,251339,1124073472,
123185.9,219075,250119,1124073472,
123186.09,218206,250075,1124073472,
123186.29,218477,249401,1124073472,
123186.47,218763,249884,1124073472,
123186.664,219628,250372,1124073472,
123186.86,219884,249580,1124073472,
123187.04,219143,249170,1124073472,
123187.234,218278,248202,1124073472,
123187.43,218818,248491,1124073472,
123187.62,218845,248919,1124073472,
123187.81,219059,249262,1124073472,
123188.0,218311,248082,1124073472,
123188.19,218687,247738,1124073472,
123188.38,219087,249626,1124073472,
123188.57,218838,248564,1124073472,
123188.76,219491,248609,1124073472,
123188.95,218382,247145,1124073472,
123189.15,217522,245511,1124073472,
123189.33,217489,245642,1124073472,
123189.52,217405,245722,1124073472,
123189.72,218456,246149,1124073472,
123189.91,218991,245890,1124073472,
123190.09,218579,245301,1124073472,
123190.29,217998,245203,1124073472,
123190.48,220692,244490,1124073472,
123190.664,220304,237044,1124073472,
123190.86,239799,256908,1124073472,
123191.05,622147,634378,1124073472,
123191.24,201795,272353,1124073472,
123191.43,41170,145249,1124073472,
123191.62,104744,180701,1124073472,
123191.81,126490,219783,1124073472,
123192.01,149217,265945,1124073472,
123192.19,180703,323430,1124073472,
123192.38,193904,354776,1124073472,
123192.58,208103,378343,1124073472,
123192.76,211919,390363,1124073472,
123192.95,216140,401955,1124073472,
123193.15,221111,412544,1124073472,
123193.33,224477,453677,1124073472,
123193.52,230413,480439,1124073472,
123193.72,233693,490846,1124073472,
123193.914,246841,519750,1124073472,
123194.09,251596,529459,1124073472,
123194.29,250025,527862,1124073472,
123194.484,255497,543113,1124073472,
123194.664,263913,587151,1124073472,
123194.86,267862,603246,1124073472,
123195.055,265432,598862,1124073472,
123195.24,268383,609235,1124073472,
123195.43,278404,637380,1124073472,
123195.625,292636,668573,1124073472,
123195.81,294756,675563,1124073472,
123196.01,319787,758991,1124073472,
123196.195,322473,781736,1124073472,
123196.38,327161,796206,1124073472,
123196.58,330192,801424,1124073472,
123196.766,330913,804608,1124073472,
123196.95,331404,803252,1124073472,
123197.15,335311,818508,1124073472,
123197.34,344656,841181,1124073472,
123197.52,355267,874473,1124073472,
123197.72,367583,931918,1124073472,
123197.914,368260,929418,1124073472,
123198.09,365211,927345,1124073472,
123198.29,364080,924079,1124073472,
123198.484,363527,926728,1124073472,
123198.67,369566,942995,1124073472,
123198.86,371014,944266,1124073472,
123199.055,367984,938486,1124073472,
123199.24,375190,955247,1124073472,
123199.43,375518,954610,1124073472,
123199.625,379283,965395,1124073472,
123199.81,396561,982124,1124073472,
123200.0,409780,994323,1124073472,
123200.195,417079,1014045,1124073472,
123200.39,422563,1030044,1124073472,
123200.58,443963,1142701,1124073472,
123200.766,668825,1650708,1124073472,
123200.96,260650,387142,1124073472,
123201.15,291171,391871,1124073472,
123201.336,310151,387332,1124073472,
123201.53,722684,874225,1124073472,
123201.72,980591,1535553,1124073472,
123201.91,1146547,2227227,1124073472,
123202.1,1337759,2569142,1124073472,
123202.29,1387040,2618066,1124073472,
123202.484,1198184,2274912,1124073472,
123202.67,1001729,1941860,1124073472,
123202.86,927669,1821799,1124073472,
123203.055,987107,1981504,1124073472,
123203.25,1449668,1838704,1124073472,
123203.43,265876,428648,1124073472,
123203.625,293125,441807,1124073472,
123203.82,278456,410168,1124073472,
123204.0,264339,421114,1124073472,
123204.195,270577,434308,1124073472,
123204.39,275385,446638,1124073472,
123204.58,278252,456027,1124073472,
123204.766,280307,464912,1124073472,
123204.96,451332,755534,1124073472,
123205.15,322311,521581,1124073472,
123205.336,46073,206308,1124073472,
123205.53,135300,274548,1124073472,
123205.72,194079,395873,1124073472,
123205.91,303831,661458,1124073472,
123206.1,413976,1036214,1124073472,
123206.29,493564,685369,1124073472,
123206.484,289745,355731,1124073472,
123206.67,254415,321719,1124073472,
123206.86,245843,284883,1124073472,
123207.055,254862,281921,1124073472,
123207.25,253785,284225,1124073472,
123207.43,257602,283377,1124073472,
123207.625,259348,284006,1124073472,
123207.82,262855,284430,1124073472,
123208.016,262022,282641,1124073472,
123208.195,261354,279615,1124073472,
123208.39,262351,278698,1124073472,
123208.586,273923,279537,1124073472,
123208.766,256099,276383,1124073472,
123208.96,256621,277617,1124073472,
123209.16,259826,276035,1124073472,
123209.34,258924,273700,1124073472,
123209.53,256600,271703,1124073472,
123209.73,255014,272395,1124073472,
123209.914,260694,270995,1124073472,
123210.1,361151,301059,1124073472,
123210.3,756757,635599,1124073472,
123210.484,559486,806479,1124073472,
123210.67,459074,928963,1124073472,
123210.87,564289,1323807,1124073472,
123211.055,769930,1816414,1124073472,
123211.25,1192994,2683467,1124073472,
123211.44,1838687,3849890,1124073472,
123211.625,2384513,4246186,1124073472,
123211.82,2442786,4283748,1124073472,
123212.01,2574662,4389469,1124073472,
123212.195,2636607,4178917,1124073472,
123212.39,2886851,1430237,1124073472,
123212.586,2934936,2572438,1124073472,
123212.766,2459775,3778568,1124073472,
123212.96,2418141,3771451,1124073472,
123213.16,1724412,3181983,1124073472,
123213.336,1104038,2570908,1124073472,
123213.53,1075077,2526342,1124073472,
123213.73,1103649,2605367,1124073472,
123213.914,1107233,2607000,1124073472,
123214.1,1062567,2500385,1124073472,
123214.3,1080459,2557299,1124073472,
123214.484,1125994,2683280,1124073472,
123214.67,1231120,2938731,1124073472,
123214.87,1304470,3080221,1124073472,
123215.055,1358642,3224650,1124073472,
123215.25,1511240,3515095,1124073472,
123215.44,1588847,3654879,1124073472,
123215.63,1609639,3692365,1124073472,
123215.82,1683600,3712460,1124073472,
123216.016,1665996,3674765,1124073472,
123216.2,1660099,3672494,1124073472,
123216.39,1702011,3745391,1124073472,
123216.586,1808267,3908564,1124073472,
123216.77,1857467,3950769,1124073472,
123216.96,1747142,3751565,1124073472,
