timestamp,v0,v1,v2,v3,v4,v5,v6,v7,v8,v9,v10,v11,v12,v13,v14,v15,v16,v17,
125092.2,411034,415644,1124073472,0,0,0,0,0,0,0,0,0,0,0,0,0,
125092.4,361628,284282,1124073472,0,0,0,0,0,0,0,0,0,0,0,0,0,
125092.586,822718,628094,1124073472,0,0,0,0,0,0,0,0,0,0,0,0,0,
125092.78,1302185,1002562,1124073472,0,0,0,0,0,0,0,0,0,0,0,0,0,
125092.98,1810280,1144441,1124073472,0,0,0,0,0,0,0,0,0,0,0,0,0,
125093.164,453045,350729,1124073472,0,0,0,0,0,0,0,0,0,0,0,0,0,
125093.36,409355,307941,1124073472,0,0,0,0,0,0,0,0,0,0,0,0,0,
125093.55,368026,270261,1124073472,0,0,0,0,0,0,0,0,0,0,0,0,0,
125093.734,367584,286490,1124073472,0,0,0,0,0,0,0,0,0,0,0,0,0,
125093.93,366855,286676,1124073472,0,0,0,0,0,0,0,0,0,0,0,0,0,
125094.125,362499,268719,1124073472,0,0,0,0,0,0,0,0,0,0,0,0,0,
125094.31,361453,258977,1124073472,0,0,0,0,0,0,0,0,0,0,0,0,0,
125094.5,367236,271228,1124073472,0,0,0,0,0,0,0,0,0,0,0,0,0,
125094.695,372931,282463,1124073472,0,0,0,0,0,0,0,0,0,0,0,0,0,
125094.89,377850,291347,1124073472,0,0,0,0,0,0,0,0,0,0,0,0,0,
125095.08,381959,296586,1124073472,0,0,0,0,0,0,0,0,0,0,0,0,0,
125095.27,381614,300455,1124073472,0,0,0,0,0,0,0,0,0,0,0,0,0,
125095.46,383206,304429,1124073472,0,0,0,0,0,0,0,0,0,0,0,0,0,
125095.65,388725,311873,1124073472,0,0,0,0,0,0,0,0,0,0,0,0,0,
125095.84,398026,323442,1124073472,0,0,0,0,0,0,0,0,0,0,0,0,0,
125096.04,404853,333197,1124073472,0,0,0,0,0,0,0,0,0,0,0,0,0,
125096.23,408156,339642,1124073472,0,0,0,0,0,0,0,0,0,0,0,0,0,
125096.414,411429,344212,1124073472,0,0,0,0,0,0,0,0,0,0,0,0,0,
125096.61,415193,348363,1124073472,0,0,0,0,0,0,0,0,0,0,0,0,0,
125096.8,417109,353913,1124073472,0,0,0,0,0,0,0,0,0,0,0,0,0,
125096.99,419242,356817,1124073472,0,0,0,0,0,0,0,0,0,0,0,0,0,
125097.19,417694,359079,1124073472,0,0,0,0,0,0,0,0,0,0,0,0,0,
125097.375,419053,362730,1124073472,0,0,0,0,0,0,0,0,0,0,0,0,0,
125097.56,420194,364609,1124073472,0,0,0,0,0,0,0,0,0,0,0,0,0,
125097.76,422090,366632,1124073472,0,0,0,0,0,0,0,0,0,0,0,0,0,
125097.945,423665,368927,1124073472,0,0,0,0,0,0,0,0,0,0,0,0,0,
125098.14,420106,369095,1124073472,0,0,0,0,0,0,0,0,0,0,0,0,0,
125098.336,419990,369564,1124073472,0,0,0,0,0,0,0,0,0,0,0,0,0,
125098.516,420870,370537,1124073472,0,0,0,0,0,0,0,0,0,0,0,0,0,
125098.71,422140,370029,1124073472,0,0,0,0,0,0,0,0,0,0,0,0,0,
125098.91,423887,370574,1124073472,0,0,0,0,0,0,0,0,0,0,0,0,0,
125099.1,422003,370088,1124073472,0,0,0,0,0,0,0,0,0,0,0,0,0,
125099.29,419750,368939,1124073472,0,0,0,0,0,0,0,0,0,0,0,0,0,
125099.48,420277,369273,1124073472,0,0,0,0,0,0,0,0,0,0,0,0,0,
125099.67,421318,369929,1124073472,0,0,0,0,0,0,0,0,0,0,0,0,0,
125099.86,423507,370446,1124073472,0,0,0,0,0,0,0,0,0,0,0,0,0,
125100.055,424349,369887,1124073472,0,0,0,0,0,0,0,0,0,0,0,0,0,
125100.25,421277,370051,1124073472,0,0,0,0,0,0,0,0,0,0,0,0,0,
125100.43,421643,367912,1124073472,0,0,0,0,0,0,0,0,0,0,0,0,0,
125100.625,422264,367844,1124073472,0,0,0,0,0,0,0,0,0,0,0,0,0,
125100.82,424047,368520,1124073472,0,0,0,0,0,0,0,0,0,0,0,0,0,
125101.01,425464,367951,1124073472,0,0,0,0,0,0,0,0,0,0,0,0,0,
125101.195,421754,366833,1124073472,0,0,0,0,0,0,0,0,0,0,0,0,0,
125101.39,419977,365581,1124073472,0,0,0,0,0,0,0,0,0,0,0,0,0,
125101.58,420721,365202,1124073472,0,0,0,0,0,0,0,0,0,0,0,0,0,
125101.77,421709,363652,1124073472,0,0,0,0,0,0,0,0,0,0,0,0,0,
125101.97,422895,364309,1124073472,0,0,0,0,0,0,0,0,0,0,0,0,0,
125102.15,423237,363375,1124073472,0,0,0,0,0,0,0,0,0,0,0,0,0,
125102.34,417890,362658,1124073472,0,0,0,0,0,0,0,0,0,0,0,0,0,
125102.54,416924,360401,1124073472,0,0,0,0,0,0,0,0,0,0,0,0,0,
125102.73,417689,359355,1124073472,0,0,0,0,0,0,0,0,0,0,0,0,0,
125102.914,419281,358533,1124073472,0,0,0,0,0,0,0,0,0,0,0,0,0,
125103.11,420350,358993,1124073472,0,0,0,0,0,0,0,0,0,0,0,0,0,
125103.3,420944,358879,1124073472,0,0,0,0,0,0,0,0,0,0,0,0,0,
125103.49,413989,356742,1124073472,0,0,0,0,0,0,0,0,0,0,0,0,0,
125103.69,413664,354022,1124073472,0,0,0,0,0,0,0,0,0,0,0,0,0,
125103.87,413492,351565,1124073472,0,0,0,0,0,0,0,0,0,0,0,0,0,
125104.06,416443,350274,1124073472,0,0,0,0,0,0,0,0,0,0,0,0,0,
125104.26,417823,350736,1124073472,0,0,0,0,0,0,0,0,0,0,0,0,0,
125104.45,419069,350911,1124073472,0,0,0,0,0,0,0,0,0,0,0,0,0,
125104.63,413373,349222,1124073472,0,0,0,0,0,0,0,0,0,0,0,0,0,
125104.83,412030,346045,1124073472,0,0,0,0,0,0,0,0,0,0,0,0,0,
125105.02,412631,344049,1124073472,0,0,0,0,0,0,0,0,0,0,0,0,0,
125105.21,414224,343948,1124073472,0,0,0,0,0,0,0,0,0,0,0,0,0,
125105.41,415315,344022,1124073472,0,0,0,0,0,0,0,0,0,0,0,0,0,
125105.6,413038,342364,1124073472,0,0,0,0,0,0,0,0,0,0,0,0,0,
125105.78,409711,338427,1124073472,0,0,0,0,0,0,0,0,0,0,0,0,0,
125105.98,410772,334988,1124073472,0,0,0,0,0,0,0,0,0,0,0,0,0,
125106.17,412024,333039,1124073472,0,0,0,0,0,0,0,0,0,0,0,0,0,
125106.36,413988,333632,1124073472,0,0,0,0,0,0,0,0,0,0,0,0,0,
125106.555,414939,334414,1124073472,0,0,0,0,0,0,0,0,0,0,0,0,0,
125106.74,411720,335228,1124073472,0,0,0,0,0,0,0,0,0,0,0,0,0,
125106.93,409153,331566,1124073472,0,0,0,0,0,0,0,0,0,0,0,0,0,
125107.125,410210,329963,1124073472,0,0,0,0,0,0,0,0,0,0,0,0,0,
125107.32,410794,329773,1124073472,0,0,0,0,0,0,0,0,0,0,0,0,0,
125107.51,411905,330363,1124073472,0,0,0,0,0,0,0,0,0,0,0,0,0,
125107.695,413582,332538,1124073472,0,0,0,0,0,0,0,0,0,0,0,0,0,
125107.89,410767,333010,1124073472,0,0,0,0,0,0,0,0,0,0,0,0,0,
125108.086,407204,329609,1124073472,0,0,0,0,0,0,0,0,0,0,0,0,0,
125108.27,407519,327213,1124073472,0,0,0,0,0,0,0,0,0,0,0,0,0,
125108.46,408329,326422,1124073472,0,0,0,0,0,0,0,0,0,0,0,0,0,
125108.66,409834,327429,1124073472,0,0,0,0,0,0,0,0,0,0,0,0,0,
125108.84,410949,328649,1124073472,0,0,0,0,0,0,0,0,0,0,0,0,0,
125109.04,409489,328616,1124073472,0,0,0,0,0,0,0,0,0,0,0,0,0,
125109.234,406975,327075,1124073472,0,0,0,0,0,0,0,0,0,0,0,0,0,
125109.414,406817,326453,1124073472,0,0,0,0,0,0,0,0,0,0,0,0,0,
125109.61,407246,326572,1124073472,0,0,0,0,0,0,0,0,0,0,0,0,0,
125109.805,407919,328676,1124073472,0,0,0,0,0,0,0,0,0,0,0,0,0,
125109.99,409281,330907,1124073472,0,0,0,0,0,0,0,0,0,0,0,0,0,
125110.18,404944,329537,1124073472,0,0,0,0,0,0,0,0,0,0,0,0,0,
125110.375,404244,327844,1124073472,0,0,0,0,0,0,0,0,0,0,0,0,0,
125110.56,405560,327273,1124073472,0,0,0,0,0,0,0,0,0,0,0,0,0,
125110.76,407212,328648,1124073472,0,0,0,0,0,0,0,0,0,0,0,0,0,
125110.95,408680,329489,1124073472,0,0,0,0,0,0,0,0,0,0,0,0,0,
125111.13,409852,331635,1124073472,0,0,0,0,0,0,0,0,0,0,0,0,0,
125111.33,405973,329948,1124073472,0,0,0,0,0,0,0,0,0,0,0,0,0,
125111.52,404817,328167,1124073472,0,0,0,0,0,0,0,0,0,0,0,0,0,
125111.71,405825,327966,1124073472,0,0,0,0,0,0,0,0,0,0,0,0,0,
125111.9,407108,329213,1124073472,0,0,0,0,0,0,0,0,0,0,0,0,0,
125112.09,409245,329674,1124073472,0,0,0,0,0,0,0,0,0,0,0,0,0,
125112.28,410852,330018,1124073472,0,0,0,0,0,0,0,0,0,0,0,0,0,
125112.48,407212,327985,1124073472,0,0,0,0,0,0,0,0,0,0,0,0,0,
125112.67,405350,326034,1124073472,0,0,0,0,0,0,0,0,0,0,0,0,0,
125112.87,406526,324272,1124073472,0,0,0,0,0,0,0,0,0,0,0,0,0,
125113.05,407465,324705,1124073472,0,0,0,0,0,0,0,0,0,0,0,0,0,
125113.24,408656,326054,1124073472,0,0,0,0,0,0,0,0,0,0,0,0,0,
125113.44,409192,328245,1124073472,0,0,0,0,0,0,0,0,0,0,0,0,0,
125113.625,404695,327846,1124073472,0,0,0,0,0,0,0,0,0,0,0,0,0,
125113.81,405174,327037,1124073472,0,0,0,0,0,0,0,0,0,0,0,0,0,
125114.01,405498,327246,1124073472,0,0,0,0,0,0,0,0,0,0,0,0,0,
125114.195,407015,329514,1124073472,0,0,0,0,0,0,0,0,0,0,0,0,0,
125114.39,407929,331326,1124073472,0,0,0,0,0,0,0,0,0,0,0,0,0,
125114.58,407574,332069,1124073472,0,0,0,0,0,0,0,0,0,0,0,0,0,
125114.766,402955,330016,1124073472,0,0,0,0,0,0,0,0,0,0,0,0,0,
125114.96,402315,328919,1124073472,0,0,0,0,0,0,0,0,0,0,0,0,0,
125115.16,402844,328023,1124073472,0,0,0,0,0,0,0,0,0,0,0,0,0,
125115.336,404509,328542,1124073472,0,0,0,0,0,0,0,0,0,0,0,0,0,
125115.53,406419,329409,1124073472,0,0,0,0,0,0,0,0,0,0,0,0,0,
125115.73,406499,330052,1124073472,0,0,0,0,0,0,0,0,0,0,0,0,0,
125115.914,401961,326312,1124073472,0,0,0,0,0,0,0,0,0,0,0,0,0,
125116.1,401001,322600,1124073472,0,0,0,0,0,0,0,0,0,0,0,0,0,
125116.3,401719,320283,1124073472,0,0,0,0,0,0,0,0,0,0,0,0,0,
125116.484,403615,320484,1124073472,0,0,0,0,0,0,0,0,0,0,0,0,0,
125116.68,405628,321048,1124073472,0,0,0,0,0,0,0,0,0,0,0,0,0,
125116.875,406778,322830,1124073472,0,0,0,0,0,0,0,0,0,0,0,0,0,
125117.055,402815,322576,1124073472,0,0,0,0,0,0,0,0,0,0,0,0,0,
125117.25,402202,320567,1124073472,0,0,0,0,0,0,0,0,0,0,0,0,0,
125117.445,402153,321356,1124073472,0,0,0,0,0,0,0,0,0,0,0,0,0,
125117.63,403831,323016,1124073472,0,0,0,0,0,0,0,0,0,0,0,0,0,
125117.82,404966,325654,1124073472,0,0,0,0,0,0,0,0,0,0,0,0,0,
125118.016,405254,327948,1124073472,0,0,0,0,0,0,0,0,0,0,0,0,0,
125118.21,400445,326532,1124073472,0,0,0,0,0,0,0,0,0,0,0,0,0,
125118.4,399384,324968,1124073472,0,0,0,0,0,0,0,0,0,0,0,0,0,
125118.59,399781,324289,1124073472,0,0,0,0,0,0,0,0,0,0,0,0,0,
125118.78,400838,325239,1124073472,0,0,0,0,0,0,0,0,0,0,0,0,0,
125118.97,402764,326863,1124073472,0,0,0,0,0,0,0,0,0,0,0,0,0,
125119.164,403502,328640,1124073472,0,0,0,0,0,0,0,0,0,0,0,0,0,
125119.36,399746,326059,1124073472,0,0,0,0,0,0,0,0,0,0,0,0,0,
125119.54,397571,323628,1124073472,0,0,0,0,0,0,0,0,0,0,0,0,0,
125119.734,397894,321796,1124073472,0,0,0,0,0,0,0,0,0,0,0,0,0,
125119.93,399503,322300,1124073472,0,0,0,0,0,0,0,0,0,0,0,0,0,
125120.12,401378,323267,1124073472,0,0,0,0,0,0,0,0,0,0,0,0,0,
125120.305,403038,324937,1124073472,0,0,0,0,0,0,0,0,0,0,0,0,0,
125120.5,399972,324415,1124073472,0,0,0,0,0,0,0,0,0,0,0,0,0,
125120.69,398054,319837,1124073472,0,0,0,0,0,0,0,0,0,0,0,0,0,
125120.88,398681,316939,1124073472,0,0,0,0,0,0,0,0,0,0,0,0,0,
125121.07,400094,316045,1124073472,0,0,0,0,0,0,0,0,0,0,0,0,0,
125121.26,402326,316103,1124073472,0,0,0,0,0,0,0,0,0,0,0,0,0,
125121.45,404172,317571,1124073472,0,0,0,0,0,0,0,0,0,0,0,0,0,
125121.65,400503,316589,1124073472,0,0,0,0,0,0,0,0,0,0,0,0,0,
125121.83,398903,314844,1124073472,0,0,0,0,0,0,0,0,0,0,0,0,0,
125122.02,399305,314965,1124073472,0,0,0,0,0,0,0,0,0,0,0,0,0,
125122.22,400544,316100,1124073472,0,0,0,0,0,0,0,0,0,0,0,0,0,
125122.41,402443,318126,1124073472,0,0,0,0,0,0,0,0,0,0,0,0,0,
125122.59,402721,320207,1124073472,0,0,0,0,0,0,0,0,0,0,0,0,0,
125122.79,398267,317298,1124073472,0,0,0,0,0,0,0,0,0,0,0,0,0,
125122.98,397684,314163,1124073472,0,0,0,0,0,0,0,0,0,0,0,0,0,
125123.17,397796,313561,1124073472,0,0,0,0,0,0,0,0,0,0,0,0,0,
125123.37,399256,314436,1124073472,0,0,0,0,0,0,0,0,0,0,0,0,0,
125123.55,400636,316525,1124073472,0,0,0,0,0,0,0,0,0,0,0,0,0,
125123.74,401847,317968,1124073472,0,0,0,0,0,0,0,0,0,0,0,0,0,
125123.94,396679,315261,1124073472,0,0,0,0,0,0,0,0,0,0,0,0,0,
125124.13,395716,312011,1124073472,0,0,0,0,0,0,0,0,0,0,0,0,0,
125124.31,396145,311156,1124073472,0,0,0,0,0,0,0,0,0,0,0,0,0,
125124.51,397345,312672,1124073472,0,0,0,0,0,0,0,0,0,0,0,0,0,
125124.7,398929,314705,1124073472,0,0,0,0,0,0,0,0,0,0,0,0,0,
125124.89,400838,316445,1124073472,0,0,0,0,0,0,0,0,0,0,0,0,0,
125125.08,397920,314936,1124073472,0,0,0,0,0,0,0,0,0,0,0,0,0,
125125.27,396232,310790,1124073472,0,0,0,0,0,0,0,0,0,0,0,0,0,
125125.46,396585,308432,1124073472,0,0,0,0,0,0,0,0,0,0,0,0,0,
125125.66,398534,307174,1124073472,0,0,0,0,0,0,0,0,0,0,0,0,0,
125125.84,399695,307989,1124073472,0,0,0,0,0,0,0,0,0,0,0,0,0,
125126.03,401413,308832,1124073472,0,0,0,0,0,0,0,0,0,0,0,0,0,
125126.23,397688,307405,1124073472,0,0,0,0,0,0,0,0,0,0,0,0,0,
125126.42,396742,306163,1124073472,0,0,0,0,0,0,0,0,0,0,0,0,0,
125126.6,397054,306604,1124073472,0,0,0,0,0,0,0,0,0,0,0,0,0,
125126.8,397863,309146,1124073472,0,0,0,0,0,0,0,0,0,0,0,0,0,
125126.99,399048,312086,1124073472,0,0,0,0,0,0,0,0,0,0,0,0,0,
125127.18,398720,313734,1124073472,0,0,0,0,0,0,0,0,0,0,0,0,0,
125127.37,394103,310866,1124073472,0,0,0,0,0,0,0,0,0,0,0,0,0,
125127.56,393733,309435,1124073472,0,0,0,0,0,0,0,0,0,0,0,0,0,
125127.75,393755,309910,1124073472,0,0,0,0,0,0,0,0,0,0,0,0,0,
125127.945,394952,312014,1124073472,0,0,0,0,0,0,0,0,0,0,0,0,0,
125128.14,396531,313907,1124073472,0,0,0,0,0,0,0,0,0,0,0,0,0,
125128.32,396791,316182,1124073472,0,0,0,0,0,0,0,0,0,0,0,0,0,
125128.516,392483,313509,1124073472,0,0,0,0,0,0,0,0,0,0,0,0,0,
125128.71,391538,311803,1124073472,0,0,0,0,0,0,0,0,0,0,0,0,0,
125128.91,392123,311821,1124073472,0,0,0,0,0,0,0,0,0,0,0,0,0,
125129.086,393166,315034,1124073472,0,0,0,0,0,0,0,0,0,0,0,0,0,
125129.28,394843,315713,1124073472,0,0,0,0,0,0,0,0,0,0,0,0,0,
125129.48,395960,317136,1124073472,0,0,0,0,0,0,0,0,0,0,0,0,0,
125129.66,392550,314153,1124073472,0,0,0,0,0,0,0,0,0,0,0,0,0,
125129.85,391503,310674,1124073472,0,0,0,0,0,0,0,0,0,0,0,0,0,
125130.05,392235,308086,1124073472,0,0,0,0,0,0,0,0,0,0,0,0,0,
125130.234,393505,307834,1124073472,0,0,0,0,0,0,0,0,0,0,0,0,0,
125130.42,395481,307604,1124073472,0,0,0,0,0,0,0,0,0,0,0,0,0,
125130.62,396722,308574,1124073472,0,0,0,0,0,0,0,0,0,0,0,0,0,
125130.805,392399,306561,1124073472,0,0,0,0,0,0,0,0,0,0,0,0,0,
125130.99,391949,305457,1124073472,0,0,0,0,0,0,0,0,0,0,0,0,0,
125131.19,392242,305881,1124073472,0,0,0,0,0,0,0,0,0,0,0,0,0,
125131.375,393062,308331,1124073472,0,0,0,0,0,0,0,0,0,0,0,0,0,
125131.57,394390,310764,1124073472,0,0,0,0,0,0,0,0,0,0,0,0,0,
125131.76,393481,313094,1124073472,0,0,0,0,0,0,0,0,0,0,0,0,0,
125131.945,388797,310093,1124073472,0,0,0,0,0,0,0,0,0,0,0,0,0,
125132.14,388682,310156,1124073472,0,0,0,0,0,0,0,0,0,0,0,0,0,
125132.336,389020,311154,1124073472,0,0,0,0,0,0,0,0,0,0,0,0,0,
125132.516,390344,313265,1124073472,0,0,0,0,0,0,0,0,0,0,0,0,0,
125132.71,391567,316616,1124073472,0,0,0,0,0,0,0,0,0,0,0,0,0,
125132.91,391249,317517,1124073472,0,0,0,0,0,0,0,0,0,0,0,0,0,
125133.086,386371,314199,1124073472,0,0,0,0,0,0,0,0,0,0,0,0,0,
125133.28,385151,313154,1124073472,0,0,0,0,0,0,0,0,0,0,0,0,0,
125133.48,385788,313731,1124073472,0,0,0,0,0,0,0,0,0,0,0,0,0,
125133.664,386797,315097,1124073472,0,0,0,0,0,0,0,0,0,0,0,0,0,
125133.85,389089,317931,1124073472,0,0,0,0,0,0,0,0,0,0,0,0,0,
125134.05,389731,319143,1124073472,0,0,0,0,0,0,0,0,0,0,0,0,0,
125134.234,385847,315843,1124073472,0,0,0,0,0,0,0,0,0,0,0,0,0,
125134.43,384708,313853,1124073472,0,0,0,0,0,0,0,0,0,0,0,0,0,
125134.62,384774,309772,1124073472,0,0,0,0,0,0,0,0,0,0,0,0,0,
125134.805,386465,309298,1124073472,0,0,0,0,0,0,0,0,0,0,0,0,0,
125135.0,388240,309941,1124073472,0,0,0,0,0,0,0,0,0,0,0,0,0,
125135.19,388862,311187,1124073472,0,0,0,0,0,0,0,0,0,0,0,0,0,
125135.375,385255,309245,1124073472,0,0,0,0,0,0,0,0,0,0,0,0,0,
125135.57,385213,310370,1124073472,0,0,0,0,0,0,0,0,0,0,0,0,0,
125135.766,385170,311142,1124073472,0,0,0,0,0,0,0,0,0,0,0,0,0,
125135.945,386467,314012,1124073472,0,0,0,0,0,0,0,0,0,0,0,0,0,
125136.14,388981,318381,1124073472,0,0,0,0,0,0,0,0,0,0,0,0,0,
125136.336,389220,323317,1124073472,0,0,0,0,0,0,0,0,0,0,0,0,0,
125136.516,387111,323050,1124073472,0,0,0,0,0,0,0,0,0,0,0,0,0,
125136.71,390372,321878,1124073472,0,0,0,0,0,0,0,0,0,0,0,0,0,
125136.91,389975,319413,1124073472,0,0,0,0,0,0,0,0,0,0,0,0,0,
125137.1,802511,712317,1124073472,0,0,0,0,0,0,0,0,0,0,0,0,0,
125137.28,1431671,1051087,1124073472,0,0,0,0,0,0,0,0,0,0,0,0,0,
125137.48,3120751,1719532,1124073472,0,0,0,0,0,0,0,0,0,0,0,0,0,
125137.67,3437610,1816149,1124073472,0,0,0,0,0,0,0,0,0,0,0,0,0,
125137.86,866347,750410,1124073472,0,0,0,0,0,0,0,0,0,0,0,0,0,
125138.05,854245,971618,1124073472,0,0,0,0,0,0,0,0,0,0,0,0,0,
125138.24,1615121,1651361,1124073472,0,0,0,0,0,0,0,0,0,0,0,0,0,
125138.43,1739071,1645921,1124073472,0,0,0,0,0,0,0,0,0,0,0,0,0,
125138.625,1812635,1712696,1124073472,0,0,0,0,0,0,0,0,0,0,0,0,0,
125138.81,2117847,1963320,1124073472,0,0,0,0,0,0,0,0,0,0,0,0,0,
125139.0,2125891,2021328,1124073472,0,0,0,0,0,0,0,0,0,0,0,0,0,
125139.195,2139893,2060134,1124073472,0,0,0,0,0,0,0,0,0,0,0,0,0,
125139.38,2074023,1937683,1124073472,0,0,0,0,0,0,0,0,0,0,0,0,0,
125139.57,1864036,1719324,1124073472,0,0,0,0,0,0,0,0,0,0,0,0,0,
125139.766,1772077,1655634,1124073472,0,0,0,0,0,0,0,0,0,0,0,0,0,
125139.96,1827551,1714273,1124073472,0,0,0,0,0,0,0,0,0,0,0,0,0,
125140.14,1839779,1703587,1124073472,0,0,0,0,0,0,0,0,0,0,0,0,0,
125140.336,1730960,1602385,1124073472,0,0,0,0,0,0,0,0,0,0,0,0,0,
125140.53,1711185,1577518,1124073472,0,0,0,0,0,0,0,0,0,0,0,0,0,
125140.71,1682476,1539035,1124073472,0,0,0,0,0,0,0,0,0,0,0,0,0,
125140.91,1686817,1540606,1124073472,0,0,0,0,0,0,0,0,0,0,0,0,0,
125141.1,1655496,1497525,1124073472,0,0,0,0,0,0,0,0,0,0,0,0,0,
125141.28,1652795,1491227,1124073472,0,0,0,0,0,0,0,0,0,0,0,0,0,
125141.48,1587422,1414617,1124073472,0,0,0,0,0,0,0,0,0,0,0,0,0,
125141.67,1522799,1355120,1124073472,0,0,0,0,0,0,0,0,0,0,0,0,0,
125141.86,1481817,1310678,1124073472,0,0,0,0,0,0,0,0,0,0,0,0,0,
125142.05,1482900,1265537,1124073472,0,0,0,0,0,0,0,0,0,0,0,0,0,
125142.24,1484933,1265270,1124073472,0,0,0,0,0,0,0,0,0,0,0,0,0,
125142.43,1627759,1377248,1124073472,0,0,0,0,0,0,0,0,0,0,0,0,0,
125142.62,1693844,1407364,1124073472,0,0,0,0,0,0,0,0,0,0,0,0,0,
125142.81,1776091,1451847,1124073472,0,0,0,0,0,0,0,0,0,0,0,0,0,
125143.0,1756523,1421439,1124073472,0,0,0,0,0,0,0,0,0,0,0,0,0,
125143.195,1753459,1402918,1124073472,0,0,0,0,0,0,0,0,0,0,0,0,0,
125143.38,1713916,1356240,1124073472,0,0,0,0,0,0,0,0,0,0,0,0,0,
125143.58,1649752,1285788,1124073472,0,0,0,0,0,0,0,0,0,0,0,0,0,
125143.766,1566512,1215608,1124073472,0,0,0,0,0,0,0,0,0,0,0,0,0,
125143.95,1489200,1154608,1124073472,0,0,0,0,0,0,0,0,0,0,0,0,0,
125144.15,1425615,1102256,1124073472,0,0,0,0,0,0,0,0,0,0,0,0,0,
125144.336,1376641,1061143,1124073472,0,0,0,0,0,0,0,0,0,0,0,0,0,
125144.53,1367448,1055438,1124073472,0,0,0,0,0,0,0,0,0,0,0,0,0,
125144.72,1437399,1106009,1124073472,0,0,0,0,0,0,0,0,0,0,0,0,0,
125144.91,1501444,1147198,1124073472,0,0,0,0,0,0,0,0,0,0,0,0,0,
125145.1,1576203,1193328,1124073472,0,0,0,0,0,0,0,0,0,0,0,0,0,
125145.3,1607027,1200223,1124073472,0,0,0,0,0,0,0,0,0,0,0,0,0,
125145.48,1568849,1174642,1124073472,0,0,0,0,0,0,0,0,0,0,0,0,0,
125145.67,1524142,1139235,1124073472,0,0,0,0,0,0,0,0,0,0,0,0,0,
125145.87,1359248,1001976,1124073472,0,0,0,0,0,0,0,0,0,0,0,0,0,
125146.05,1256514,898737,1124073472,0,0,0,0,0,0,0,0,0,0,0,0,0,
125146.24,1339874,956273,1124073472,0,0,0,0,0,0,0,0,0,0,0,0,0,
125146.44,1584217,1095956,1124073472,0,0,0,0,0,0,0,0,0,0,0,0,0,
125146.625,1675538,1140807,1124073472,0,0,0,0,0,0,0,0,0,0,0,0,0,
125146.81,1699447,1152427,1124073472,0,0,0,0,0,0,0,0,0,0,0,0,0,
125147.01,1670218,1127383,1124073472,0,0,0,0,0,0,0,0,0,0,0,0,0,
125147.195,1568589,1060886,1124073472,0,0,0,0,0,0,0,0,0,0,0,0,0,
125147.38,1477988,1003636,1124073472,0,0,0,0,0,0,0,0,0,0,0,0,0,
125147.58,1412059,973975,1124073472,0,0,0,0,0,0,0,0,0,0,0,0,0,
125147.766,1534412,1058005,1124073472,0,0,0,0,0,0,0,0,0,0,0,0,0,
125147.96,1649404,1121604,1124073472,0,0,0,0,0,0,0,0,0,0,0,0,0,
125148.15,1713270,1163255,1124073472,0,0,0,0,0,0,0,0,0,0,0,0,0,
125148.336,1792037,1210928,1124073472,0,0,0,0,0,0,0,0,0,0,0,0,0,
125148.53,1980416,1329601,1124073472,0,0,0,0,0,0,0,0,0,0,0,0,0,
125148.72,2443576,1634899,1124073472,0,0,0,0,0,0,0,0,0,0,0,0,0,
125148.91,3799787,2339831,1124073472,0,0,0,0,0,0,0,0,0,0,0,0,0,
125149.1,4825070,2948801,1124073472,0,0,0,0,0,0,0,0,0,0,0,0,0,
125149.3,4651364,3027823,1124073472,0,0,0,0,0,0,0,0,0,0,0,0,0,
125149.48,2961975,2106279,1124073472,0,0,0,0,0,0,0,0,0,0,0,0,0,
125149.67,2706438,2090384,1124073472,0,0,0,0,0,0,0,0,0,0,0,0,0,
125149.87,2781972,2256573,1124073472,0,0,0,0,0,0,0,0,0,0,0,0,0,
125150.05,3634221,3040223,1124073472,0,0,0,0,0,0,0,0,0,0,0,0,0,
125150.24,4506116,3482059,1124073472,0,0,0,0,0,0,0,0,0,0,0,0,0,
125150.44,2648013,2168392,1124073472,0,0,0,0,0,0,0,0,0,0,0,0,0,
125150.63,2437400,1837913,1124073472,0,0,0,0,0,0,0,0,0,0,0,0,0,
125150.81,2785038,2047100,1124073472,0,0,0,0,0,0,0,0,0,0,0,0,0,
125151.01,3223971,2368423,1124073472,0,0,0,0,0,0,0,0,0,0,0,0,0,
125151.2,3289152,2381129,1124073472,0,0,0,0,0,0,0,0,0,0,0,0,0,
125151.38,2835271,1910267,1124073472,0,0,0,0,0,0,0,0,0,0,0,0,0,
125151.58,2750286,1892921,1124073472,0,0,0,0,0,0,0,0,0,0,0,0,0,
125151.77,2896584,1981627,1124073472,0,0,0,0,0,0,0,0,0,0,0,0,0,
125151.96,1492800,920966,1124073472,0,0,0,0,0,0,0,0,0,0,0,0,0,
125152.15,333297,302211,1124073472,0,0,0,0,0,0,0,0,0,0,0,0,0,
125152.34,332481,264687,1124073472,0,0,0,0,0,0,0,0,0,0,0,0,0,
125152.53,323167,245538,1124073472,0,0,0,0,0,0,0,0,0,0,0,0,0,
125152.72,310818,225295,1124073472,0,0,0,0,0,0,0,0,0,0,0,0,0,
125152.914,300278,249384,1124073472,0,0,0,0,0,0,0,0,0,0,0,0,0,
125153.1,301656,226635,1124073472,0,0,0,0,0,0,0,0,0,0,0,0,0,
125153.3,330290,230660,1124073472,0,0,0,0,0,0,0,0,0,0,0,0,0,
125153.484,335814,227838,1124073472,0,0,0,0,0,0,0,0,0,0,0,0,0,
125153.67,583629,500728,1124073472,0,0,0,0,0,0,0,0,0,0,0,0,0,
125153.87,1025621,864110,1124073472,0,0,0,0,0,0,0,0,0,0,0,0,0,
125154.055,1651616,1265071,1124073472,0,0,0,0,0,0,0,0,0,0,0,0,0,
125154.24,3468528,2335015,1124073472,0,0,0,0,0,0,0,0,0,0,0,0,0,
125154.44,3461583,2350217,1124073472,0,0,0,0,0,0,0,0,0,0,0,0,0,
125154.625,1500282,922893,1124073472,0,0,0,0,0,0,0,0,0,0,0,0,0,
125154.81,790948,648587,1124073472,0,0,0,0,0,0,0,0,0,0,0,0,0,
125155.01,856311,727225,1124073472,0,0,0,0,0,0,0,0,0,0,0,0,0,
125155.2,1379168,1277952,1124073472,0,0,0,0,0,0,0,0,0,0,0,0,0,
125155.38,1723009,1361106,1124073472,0,0,0,0,0,0,0,0,0,0,0,0,0,
125155.58,384136,299002,1124073472,0,0,0,0,0,0,0,0,0,0,0,0,0,
125155.77,380516,271735,1124073472,0,0,0,0,0,0,0,0,0,0,0,0,0,
125155.95,363009,248841,1124073472,0,0,0,0,0,0,0,0,0,0,0,0,0,
125156.15,369244,234145,1124073472,0,0,0,0,0,0,0,0,0,0,0,0,0,
125156.34,367951,241205,1124073472,0,0,0,0,0,0,0,0,0,0,0,0,0,
125156.52,356686,244020,1124073472,0,0,0,0,0,0,0,0,0,0,0,0,0,
125156.72,523377,458839,1124073472,0,0,0,0,0,0,0,0,0,0,0,0,0,
125156.914,1132211,847265,1124073472,0,0,0,0,0,0,0,0,0,0,0,0,0,
125157.1,1779931,1228810,1124073472,0,0,0,0,0,0,0,0,0,0,0,0,0,
125157.29,2374254,2273304,1124073472,0,0,0,0,0,0,0,0,0,0,0,0,0,
125157.484,3312600,3913454,1124073472,0,0,0,0,0,0,0,0,0,0,0,0,0,
125157.67,3713459,4196067,1124073472,0,0,0,0,0,0,0,0,0,0,0,0,0,
125157.86,4162159,3984303,1124073472,0,0,0,0,0,0,0,0,0,0,0,0,0,
125158.055,2722644,1615375,1124073472,0,0,0,0,0,0,0,0,0,0,0,0,0,
125158.24,2346216,1531734,1124073472,0,0,0,0,0,0,0,0,0,0,0,0,0,
125158.44,4256966,3365878,1124073472,0,0,0,0,0,0,0,0,0,0,0,0,0,
125158.625,4413724,3714166,1124073472,0,0,0,0,0,0,0,0,0,0,0,0,0,
125158.81,2480755,2087392,1124073472,0,0,0,0,0,0,0,0,0,0,0,0,0,
125159.01,435716,290321,1124073472,0,0,0,0,0,0,0,0,0,0,0,0,0,
125159.195,417874,275259,1124073472,0,0,0,0,0,0,0,0,0,0,0,0,0,
125159.39,413157,257980,1124073472,0,0,0,0,0,0,0,0,0,0,0,0,0,
125159.58,428079,247290,1124073472,0,0,0,0,0,0,0,0,0,0,0,0,0,
125159.766,437953,245762,1124073472,0,0,0,0,0,0,0,0,0,0,0,0,0,
125159.96,435824,241581,1124073472,0,0,0,0,0,0,0,0,0,0,0,0,0,
125160.15,435948,233974,1124073472,0,0,0,0,0,0,0,0,0,0,0,0,0,
125160.34,439367,223382,1124073472,0,0,0,0,0,0,0,0,0,0,0,0,0,
125160.53,461690,205424,1124073472,0,0,0,0,0,0,0,0,0,0,0,0,0,
125160.72,478118,198735,1124073472,0,0,0,0,0,0,0,0,0,0,0,0,0,
125160.914,486146,198255,1124073472,0,0,0,0,0,0,0,0,0,0,0,0,0,
125161.1,495481,200401,1124073472,0,0,0,0,0,0,0,0,0,0,0,0,0,
125161.29,505054,204988,1124073472,0,0,0,0,0,0,0,0,0,0,0,0,0,
125161.484,516663,216285,1124073472,0,0,0,0,0,0,0,0,0,0,0,0,0,
125161.68,522287,223977,1124073472,0,0,0,0,0,0,0,0,0,0,0,0,0,
125161.86,526375,228231,1124073472,0,0,0,0,0,0,0,0,0,0,0,0,0,
125162.055,530833,230044,1124073472,0,0,0,0,0,0,0,0,0,0,0,0,0,
125162.25,532987,231580,1124073472,0,0,0,0,0,0,0,0,0,0,0,0,0,
125162.44,533385,263964,1124073472,0,0,0,0,0,0,0,0,0,0,0,0,0,
125162.625,528692,270675,1124073472,0,0,0,0,0,0,0,0,0,0,0,0,0,
125162.82,523901,273975,1124073472,0,0,0,0,0,0,0,0,0,0,0,0,0,
125163.01,532205,230356,1124073472,0,0,0,0,0,0,0,0,0,0,0,0,0,
125163.195,542682,211894,1124073472,0,0,0,0,0,0,0,0,0,0,0,0,0,
125163.39,547724,210200,1124073472,0,0,0,0,0,0,0,0,0,0,0,0,0,
125163.58,551324,206583,1124073472,0,0,0,0,0,0,0,0,0,0,0,0,0,
125163.77,561119,199838,1124073472,0,0,0,0,0,0,0,0,0,0,0,0,0,
125163.96,572104,208538,1124073472,0,0,0,0,0,0,0,0,0,0,0,0,0,
125164.15,584918,230597,1124073472,0,0,0,0,0,0,0,0,0,0,0,0,0,
125164.34,593862,258960,1124073472,0,0,0,0,0,0,0,0,0,0,0,0,0,
125164.54,599645,268724,1124073472,0,0,0,0,0,0,0,0,0,0,0,0,0,
125164.72,603120,267265,1124073472,0,0,0,0,0,0,0,0,0,0,0,0,0,
125164.914,606475,270555,1124073472,0,0,0,0,0,0,0,0,0,0,0,0,0,
125165.11,631151,282001,1124073472,0,0,0,0,0,0,0,0,0,0,0,0,0,
125165.29,639507,293845,1124073472,0,0,0,0,0,0,0,0,0,0,0,0,0,
125165.484,641400,297355,1124073472,0,0,0,0,0,0,0,0,0,0,0,0,0,
125165.68,642092,298100,1124073472,0,0,0,0,0,0,0,0,0,0,0,0,0,
125165.875,642753,297341,1124073472,0,0,0,0,0,0,0,0,0,0,0,0,0,
125166.055,643764,298371,1124073472,0,0,0,0,0,0,0,0,0,0,0,0,0,
125166.25,644999,300104,1124073472,0,0,0,0,0,0,0,0,0,0,0,0,0,
125166.445,645839,303599,1124073472,0,0,0,0,0,0,0,0,0,0,0,0,0,
125166.625,646195,305277,1124073472,0,0,0,0,0,0,0,0,0,0,0,0,0,
125166.82,644004,304350,1124073472,0,0,0,0,0,0,0,0,0,0,0,0,0,
125167.016,644130,304401,1124073472,0,0,0,0,0,0,0,0,0,0,0,0,0,
125167.195,644623,305986,1124073472,0,0,0,0,0,0,0,0,0,0,0,0,0,
125167.39,645548,307970,1124073472,0,0,0,0,0,0,0,0,0,0,0,0,0,
125167.586,646623,309835,1124073472,0,0,0,0,0,0,0,0,0,0,0,0,0,
125167.77,646532,310773,1124073472,0,0,0,0,0,0,0,0,0,0,0,0,0,
125167.96,644395,309562,1124073472,0,0,0,0,0,0,0,0,0,0,0,0,0,
125168.16,644585,310379,1124073472,0,0,0,0,0,0,0,0,0,0,0,0,0,
125168.34,645568,310093,1124073472,0,0,0,0,0,0,0,0,0,0,0,0,0,
125168.53,647477,309334,1124073472,0,0,0,0,0,0,0,0,0,0,0,0,0,
125168.73,648889,309822,1124073472,0,0,0,0,0,0,0,0,0,0,0,0,0,
125168.914,648944,308792,1124073472,0,0,0,0,0,0,0,0,0,0,0,0,0,
125169.1,648560,305496,1124073472,0,0,0,0,0,0,0,0,0,0,0,0,0,
125169.3,649443,303997,1124073472,0,0,0,0,0,0,0,0,0,0,0,0,0,
125169.484,650307,304775,1124073472,0,0,0,0,0,0,0,0,0,0,0,0,0,
125169.68,651269,306991,1124073472,0,0,0,0,0,0,0,0,0,0,0,0,0,
125169.87,650668,313371,1124073472,0,0,0,0,0,0,0,0,0,0,0,0,0,
125170.055,646023,319499,1124073472,0,0,0,0,0,0,0,0,0,0,0,0,0,
125175.016,912,829,0,0,0,0,0,0,0,0,0,0,0,0,0,0,
125175.39,919,822,0,0,0,0,0,0,0,0,0,0,0,0,0,0,
125176.16,917,822,0,0,0,0,0,0,0,0,0,0,0,0,0,0,
125177.3,921,819,0,0,0,0,0,0,0,0,0,0,0,0,0,0,
